state={
	id=400
	name="STATE_400"
	resources={
		aluminium=14.000
	}
	provinces={
		31 45 88 73 112 119 175 3004 3017 3066 3102 3103 3112 3146 3167 3177 6089 6133 6213 9050 9065 9172 9180 9232 11025 11051 11110 11158 11192 146 272 359 3027 3041 3139 3186 3264 3270 3363 3394 6110 6124 6162 6171 6191 6224 6274 6288 6297 6383 9114 9146 9155 9192 9214 9370 10200 11087 11124 11133 11149 11170 11193 11354 11365 
	
	}
	manpower=1446859
	buildings_max_level_factor=1.000
	state_category=town
	local_supplies=0.000
	history = {
		owner = SOV
	}
}
